timestamp,BTCUSD,DOGEUSD,LTCUSD,DASHUSD,ETHUSD,ZECUSD,ETCUSD,EOSUSD,NEOUSD,BTGUSD,XRPUSDT,TRXUSD
2019-05-18 19:35:00,7265.07,0.00292692,87.237,139.5874,236.31,,7.2701,5.89108,10.8793,20.80118,0.373746,0.026526
2019-05-18 19:36:00,7270.31,0.00292781,87.2272,139.5874,236.469,,7.26339,5.89272,10.88388,20.80118,0.37388,0.0265643
2019-05-18 19:37:00,7275.05,0.00292493,87.2639,139.5881,236.641,,7.24586,5.8916,10.87263,20.80118,0.373965,0.0265466
2019-05-18 19:38:00,7274.67,0.00292663,87.251,139.5881,236.452,72.4322,7.24123,5.89294,10.88407,20.80118,0.373799,0.0265414
2019-05-18 19:39:00,7274.15,0.00292412,87.2515,139.5462,236.169,72.4322,7.2448,5.89044,10.87674,20.80118,0.373651,0.026549
2019-05-18 19:40:00,7267.64,0.00292298,87.1405,139.5388,235.68,72.2789,7.23969,5.8891,10.86771,20.73522,0.37354,0.0265165
2019-05-18 19:41:00,7263.96,0.00292466,87.122,139.3058,236.145,72.2024,7.23561,5.8891,10.85015,20.73522,0.373149,0.0265046
2019-05-18 19:42:00,7265.96,0.00292514,87.1243,139.3284,236.225,72.2216,7.23377,5.89136,10.86485,20.73522,0.373173,0.0265269
2019-05-18 19:43:00,7265.03,0.00292644,87.1408,139.3182,236.279,72.217,7.23377,5.89139,10.87941,20.73522,0.373293,0.0265382
2019-05-18 19:44:00,7264.98,0.0029227,87.1128,139.2955,236.394,72.2313,7.23377,5.89125,10.86645,20.73522,0.373458,0.026511
2019-05-18 19:45:00,7256.14,0.00291934,87.1174,139.5174,236.385,72.1744,7.2293,5.89101,10.88072,20.7709,0.373314,0.0265004
2019-05-18 19:46:00,7258.95,0.00292087,87.0906,139.301,236.411,72.1514,7.22194,5.89136,10.87527,20.7709,0.373382,0.0265002
2019-05-18 19:47:00,7258.17,0.00292159,87.1104,139.3562,236.485,72.1498,7.22608,5.89152,10.86404,20.7687,0.373284,0.0265381
2019-05-18 19:48:00,7258.53,0.0029218,87.0404,139.4909,236.137,72.1396,7.22441,5.89341,10.87329,20.76575,0.373255,0.0264981
2019-05-18 19:49:00,7258.3,0.00292085,87.0404,139.6706,236.3,72.1257,7.20985,5.89188,10.87635,20.78049,0.373282,0.0265193
2019-05-18 19:50:00,7263.75,0.00292439,87.0483,139.6157,236.313,72.1237,7.20767,5.89528,10.87011,20.79817,0.373282,0.0265015
2019-05-18 19:51:00,7264.63,0.00292328,86.9534,139.5046,236.296,72.1494,7.22028,5.89573,10.86919,20.79536,0.373324,0.0264877
2019-05-18 19:52:00,7274.22,0.00291942,86.9534,139.7597,236.756,72.3203,7.2213,5.89676,10.86919,20.79591,0.373792,0.0264936
2019-05-18 19:53:00,7266.6,0.00292148,86.9653,139.5799,236.266,72.321,7.22593,5.89737,10.87696,20.81087,0.373743,0.0264949
2019-05-18 19:54:00,7276.19,0.00292264,87.0612,139.5739,236.726,72.3459,7.21443,5.90128,10.87592,20.81341,0.373916,0.0265138
2019-05-18 19:55:00,7271.91,0.00291946,87.0409,139.6481,236.687,72.3735,7.22426,5.89962,10.88332,20.81341,0.373956,0.0265185
2019-05-18 19:56:00,7272.92,0.00292044,87.0413,139.6225,236.361,72.3122,7.21437,5.8986,10.87592,20.77479,0.373658,0.0265174
2019-05-18 19:57:00,7270.9,0.00291973,87.0485,139.6497,236.436,72.2623,7.20945,5.89805,10.86468,20.77198,0.374069,0.0265152
2019-05-18 19:58:00,7257.23,0.00292704,87.0087,139.5666,235.951,72.2203,7.21534,5.88687,10.8751,20.75865,0.373361,0.0265143
2019-05-18 19:59:00,7252.21,0.00291557,86.9884,139.373,236.311,72.0672,7.21219,5.89295,10.85181,20.75951,0.373275,0.0264714
2019-05-18 20:00:00,7237.91,0.00291872,87.0241,139.4043,235.912,71.9683,7.19001,5.89359,10.86648,20.73127,0.373186,0.0264819
2019-05-18 20:01:00,7240.41,0.00291872,86.9245,139.2164,236.358,72.009,7.19205,5.89483,10.86096,20.66173,0.373339,0.0264841
2019-05-18 20:02:00,7234.39,0.00291595,86.9069,139.1825,235.892,71.872,7.19163,5.894,10.85663,20.68619,0.37339,0.026454
2019-05-18 20:03:00,7237.08,0.00291647,86.9684,139.2561,236.272,72.0599,7.19222,5.89336,10.85663,20.66823,0.373307,0.0264697
2019-05-18 20:04:00,7252.21,0.0029197,86.9832,139.5669,236.622,72.0599,7.19989,5.90079,10.86472,20.72776,0.373616,0.0264827
2019-05-18 20:05:00,7247.31,0.00291765,86.9381,139.5376,236.521,72.0979,7.19559,5.90094,10.86565,20.72772,0.373734,0.0264871
2019-05-18 20:06:00,7244.77,0.00291872,86.9474,139.5036,236.075,72.1973,7.19038,5.89838,10.87072,20.726,0.373758,0.0265254
2019-05-18 20:07:00,7259.18,0.0029208,87.0251,139.6198,236.306,72.1973,7.19038,5.90206,10.86793,20.72474,0.373793,0.0265254
2019-05-18 20:08:00,7261.36,0.00291847,87.0551,139.6401,236.335,72.336,7.18952,5.90218,10.86644,20.73766,0.373786,0.0265256
2019-05-18 20:09:00,7264.19,0.00291781,87.0224,139.6524,236.179,72.3863,7.18401,5.9031,10.87596,20.74432,0.373742,0.0265328
2019-05-18 20:10:00,7261.98,0.00292117,86.977,139.6606,235.913,72.478,7.18401,5.90482,10.87141,20.69852,0.373658,0.0265429
2019-05-18 20:11:00,7250.01,0.00291723,86.9342,139.6176,235.5,72.4059,7.18401,5.90292,10.87435,20.74203,0.373414,0.0265303
2019-05-18 20:12:00,7261.23,0.0029192,86.9578,139.5147,235.989,72.4488,7.17449,5.89963,10.86901,20.75325,0.373648,0.0265183
2019-05-18 20:13:00,7274.44,0.00291828,87.0097,139.653,236.273,72.35,7.17324,5.9035,10.86831,20.75325,0.373648,0.0265479
2019-05-18 20:14:00,7274.03,0.0029212,87.0097,139.5444,236.358,72.4114,7.18016,5.9053,10.87032,20.68025,0.373898,0.0265617
2019-05-18 20:15:00,7277.28,0.00292091,86.9875,139.5265,236.259,72.4142,7.17967,5.90903,10.86417,20.72726,0.374175,0.0265412
2019-05-18 20:16:00,7279.02,0.00292091,86.876,139.5915,236.076,72.3549,7.18589,5.90847,10.8691,20.72726,0.373914,0.0265758
2019-05-18 20:17:00,7265.82,0.00291759,86.9932,139.3234,235.827,72.2099,7.17899,5.89872,10.85542,20.73048,0.373687,0.0265262
2019-05-18 20:18:00,7251.99,0.00291673,86.9972,139.2577,235.804,72.238,7.17685,5.89297,10.8671,20.66105,0.373063,0.0265032
2019-05-18 20:19:00,7248.03,0.00291862,86.9349,139.2967,235.66,72.2046,7.17292,5.89695,10.86998,20.69865,0.372944,0.0264917
2019-05-18 20:20:00,7249.98,0.00291996,87.0086,139.2882,235.592,72.2472,7.17292,5.89684,10.85387,20.71393,0.372914,0.0264827
2019-05-18 20:21:00,7262.14,0.00291847,86.9884,139.4472,235.891,72.2797,7.17154,5.89809,10.86679,20.71393,0.372975,0.0264987
2019-05-18 20:22:00,7262.45,0.00291804,86.9807,139.4848,235.658,72.269,7.17513,5.8953,10.85724,20.66981,0.372876,0.0265369
2019-05-18 20:23:00,7254.83,0.002924,86.9753,139.4724,235.658,72.2836,7.17513,5.89665,10.85868,20.66981,0.372973,0.026488
2019-05-18 20:24:00,7254.61,0.00291794,86.9678,139.4884,235.633,72.241,7.17224,5.89491,10.8652,20.69861,0.372994,0.0265099
2019-05-18 20:25:00,7251.99,0.00291794,86.9463,139.4661,235.296,72.2493,7.17482,5.89491,10.84633,20.65626,0.372994,0.0264971
2019-05-18 20:26:00,7245.83,0.00291794,86.8838,139.4661,235.225,72.1007,7.17382,5.89386,10.84382,20.68982,0.372888,0.0264903
2019-05-18 20:27:00,7241.43,0.00291794,86.693,139.3174,235.153,72.1007,7.16004,5.89386,10.83794,20.65927,0.372888,0.0264896
2019-05-18 20:28:00,7236.59,0.00291794,86.5735,139.3,234.991,72.0384,7.16319,5.89386,10.83794,20.62331,0.372888,0.0264793
2019-05-18 20:29:00,7242.53,0.00291565,86.5681,139.2944,235.06,72.2757,7.16339,5.89046,10.83214,20.65635,0.371361,0.0264663
2019-05-18 20:30:00,7257.87,0.0029158,86.6181,139.642,235.186,72.2996,7.17899,5.89326,10.83321,20.6399,0.37176,0.0264877
2019-05-18 20:31:00,7260.49,0.00291545,86.5699,139.6569,235.314,72.3121,7.16809,5.89382,10.84849,20.65203,0.371646,0.0265097
2019-05-18 20:32:00,7265.7,0.00291594,86.5719,139.579,235.666,72.3035,7.1703,5.89804,10.84417,20.60256,0.371991,0.0265096
2019-05-18 20:33:00,7261.14,0.00291594,86.5429,139.6428,235.458,72.276,7.18507,5.89933,10.84218,20.60256,0.371674,0.0264868
2019-05-18 20:34:00,7253.3,0.00291553,86.5097,139.7598,235.601,72.1851,7.18016,5.89392,10.84005,20.67435,0.371738,0.0264961
2019-05-18 20:35:00,7260.27,0.00291899,86.6283,139.7673,235.667,72.2351,7.18016,5.89397,10.83328,20.65882,0.371909,0.026496
2019-05-18 20:36:00,7258.23,0.00291899,86.6718,140.0198,235.528,72.2523,7.1754,5.89275,10.83188,20.65882,0.371945,0.0264844
2019-05-18 20:37:00,7254.46,0.00291899,86.6117,139.862,235.63,72.2089,7.17762,5.89341,10.83424,20.65926,0.371952,0.026501
2019-05-18 20:38:00,7256.13,0.00291899,86.6557,139.8422,235.939,72.2654,7.18109,5.89506,10.83405,20.67842,0.371873,0.0264921
2019-05-18 20:39:00,7257.66,0.00291899,86.7604,139.9257,235.839,72.251,7.17855,5.89351,10.83648,20.66071,0.371783,0.0264921
2019-05-18 20:40:00,7255.9,0.00291553,86.7484,140.299,235.881,72.251,7.17683,5.89331,10.83648,20.66959,0.371783,0.0264897
2019-05-18 20:41:00,7258.09,0.00291666,86.9074,140.0144,236.082,72.246,7.17951,5.89189,10.84052,20.68549,0.371863,0.0264574
2019-05-18 20:42:00,7254.28,0.00291257,86.7646,140.5626,235.983,72.191,7.17148,5.89205,10.84831,20.68549,0.371614,0.0264667
2019-05-18 20:43:00,7247.23,0.00291257,86.8168,140.5723,235.824,72.1985,7.17352,5.89116,10.85038,20.68549,0.371614,0.026423
2019-05-18 20:44:00,7253.98,0.0029116,86.7739,140.5723,236.148,72.1369,7.1775,5.89509,10.84571,20.68549,0.371922,0.0264188
2019-05-18 20:45:00,7254.39,0.0029116,86.8517,140.8217,236.036,72.1919,7.17916,5.89159,10.84811,20.68549,0.372664,0.0264146
2019-05-18 20:46:00,7258.4,0.0029116,86.8287,141.163,235.846,72.2097,7.20236,5.89306,10.85,20.66859,0.372868,0.0264405
2019-05-18 20:47:00,7257.63,0.0029116,86.8287,141.1824,235.575,72.2038,7.21176,5.89131,10.85415,20.63527,0.372769,0.0264261
2019-05-18 20:48:00,7255.78,0.0029116,86.8185,141.0695,235.888,72.1728,7.20873,5.89188,10.85484,20.65199,0.372672,0.0264406
2019-05-18 20:49:00,7269.59,0.0029116,86.8723,141.0739,235.805,72.3181,7.21169,5.90117,10.84903,20.58992,0.373044,0.0264244
2019-05-18 20:50:00,7258.97,0.0029116,86.9716,141.0073,235.867,72.284,7.21152,5.90264,10.85363,20.67553,0.373419,0.0264404
2019-05-18 20:51:00,7279.74,0.00291622,87.0405,141.0073,236.141,72.4391,7.20604,5.90547,10.85709,20.68856,0.373386,0.0264405
2019-05-18 20:52:00,7274.22,0.00291622,86.8661,141.0073,235.979,72.4289,7.20473,5.90432,10.84852,20.66659,0.373386,0.0264453
2019-05-18 20:53:00,7272.37,0.00291899,86.8234,141.0073,235.984,72.4301,7.21649,5.90196,10.8539,20.68866,0.372566,0.0264386
2019-05-18 20:54:00,7277.5,0.00291899,86.8501,141.5325,236.049,72.4507,7.24241,5.90474,10.8613,20.68001,0.372871,0.0264413
2019-05-18 20:55:00,7281.49,0.00291623,86.8423,141.5775,236.226,72.4507,7.25167,5.90501,10.85643,20.69052,0.372893,0.0264459
2019-05-18 20:56:00,7286.2,0.00291623,86.9296,141.58,236.181,72.5,7.22978,5.9076,10.84881,20.68797,0.372786,0.0265027
2019-05-18 20:57:00,7278.49,0.00291623,86.856,141.3628,236.18,72.4606,7.24391,5.9076,10.84881,20.68857,0.372691,0.0265032
2019-05-18 20:58:00,7284.49,0.00291623,86.9503,141.5095,236.064,72.4976,7.23748,5.90748,10.85993,20.68608,0.372846,0.0264881
2019-05-18 20:59:00,7285.58,0.00291623,87.0509,141.5085,236.104,72.4652,7.23986,5.90355,10.8503,20.68642,0.373097,0.0264875
2019-05-18 21:00:00,7287.55,0.00291623,87.0402,141.5086,236.069,72.477,7.24757,5.90405,10.87825,20.68642,0.373149,0.0264588
2019-05-18 21:01:00,7290.83,0.00291623,87.1544,141.5086,236.218,72.5183,7.24757,5.90522,10.85991,20.69685,0.37337,0.0265047
2019-05-18 21:02:00,7288.64,0.00291623,87.2249,141.8055,235.994,72.4872,7.23822,5.90973,10.85991,20.69575,0.373509,0.0264745
2019-05-18 21:03:00,7287.22,0.00291623,87.3222,141.8055,235.934,72.5063,7.24479,5.90874,10.86414,20.6972,0.373721,0.0265097
2019-05-18 21:04:00,7289.63,0.00291623,87.268,141.6719,236.04,72.5064,7.24479,5.90874,10.86184,20.6972,0.373661,0.0264901
2019-05-18 21:05:00,7281.43,0.002924,87.2558,141.6537,235.782,72.4213,7.24536,5.90613,10.86496,20.6972,0.373603,0.0265076
2019-05-18 21:06:00,7278.59,0.00291575,87.1285,142.0158,235.921,72.4086,7.23665,5.90885,10.86999,20.6972,0.372683,0.0264805
2019-05-18 21:07:00,7277.93,0.00292262,87.1626,142.1874,235.95,72.4116,7.23977,5.91085,10.86691,20.6972,0.372645,0.0265048
2019-05-18 21:08:00,7282.08,0.00291984,87.1465,141.9934,236.097,72.4254,7.23987,5.91007,10.86964,20.6972,0.372772,0.0264834
2019-05-18 21:09:00,7282.96,0.00291942,87.251,142.1026,236.023,72.4233,7.22385,5.90908,10.8633,20.7,0.372673,0.026444
2019-05-18 21:10:00,7276.19,0.00291943,87.251,141.9127,235.689,72.4135,7.20704,5.90898,10.85838,20.7,0.372157,0.0264824
2019-05-18 21:11:00,7274.89,0.00292499,87.2123,141.9524,235.413,72.4242,7.19277,5.90913,10.86919,20.7,0.372102,0.0264882
2019-05-18 21:12:00,7265.5,0.00294332,87.0077,141.9284,235.041,72.3388,7.19426,5.9023,10.86903,20.69482,0.37205,0.0264698
2019-05-18 21:13:00,7272.26,0.00294753,87.0271,141.9537,234.899,72.286,7.19728,5.90302,10.85974,20.6656,0.37213,0.0264664
2019-05-18 21:14:00,7272.03,0.00295757,86.9558,141.8953,234.801,72.3313,7.19579,5.90038,10.85974,20.6656,0.37215,0.0264698
2019-05-18 21:15:00,7276.4,0.00295084,87.1953,142.0381,235.074,72.3406,7.19444,5.90275,10.85801,20.69351,0.372522,0.0264827
2019-05-18 21:16:00,7281.43,0.00295139,87.2284,142.1312,235.352,72.3982,7.19439,5.90481,10.86285,20.69086,0.372797,0.0264773
2019-05-18 21:17:00,7284.7,0.00296356,87.2308,142.3237,235.335,72.452,7.19228,5.90648,10.86321,20.65407,0.372894,0.0265093
2019-05-18 21:18:00,7279.39,0.00294202,87.2048,142.2352,235.192,72.4564,7.21666,5.90725,10.85913,20.6494,0.372819,0.026496
2019-05-18 21:19:00,7276.01,0.002962,87.1512,142.4296,235.169,72.4898,7.21513,5.90143,10.86056,20.6494,0.372533,0.026498
2019-05-18 21:20:00,7277.04,0.00296,87.1844,142.4233,235.154,72.4637,7.22139,5.90582,10.85793,20.70101,0.372667,0.0264889
2019-05-18 21:21:00,7290.83,0.00295657,87.2098,142.5591,235.407,72.5682,7.22148,5.90583,10.8676,20.698,0.373601,0.0265297
2019-05-18 21:22:00,7291.69,0.00296951,87.1908,142.6229,235.309,72.5717,7.21208,5.90696,10.86004,20.68955,0.373427,0.0265196
2019-05-18 21:23:00,7280.77,0.00295378,87.1829,142.6229,234.994,72.5317,7.22737,5.90822,10.86014,20.67377,0.372972,0.0265249
2019-05-18 21:24:00,7282.08,0.0029563,87.1806,142.7457,235.092,72.5317,7.22781,5.90668,10.85013,20.68471,0.373237,0.0265072
2019-05-18 21:25:00,7291.04,0.00296418,87.2537,142.6047,234.991,72.5631,7.21563,5.90632,10.85013,20.62607,0.373147,0.0265166
2019-05-18 21:26:00,7277.33,0.00296458,87.1559,142.5249,234.971,72.4634,7.22746,5.89953,10.85078,20.64935,0.372863,0.026525
2019-05-18 21:27:00,7276.2,0.00295865,87.1845,142.5546,234.964,72.4866,7.224,5.91128,10.85836,20.62512,0.372863,0.0265328
2019-05-18 21:28:00,7279.2,0.00296109,87.1616,142.5448,235.013,72.4773,7.21681,5.90299,10.85286,20.66635,0.372171,0.0265181
2019-05-18 21:29:00,7284.93,0.00296947,87.1954,142.537,235.177,72.5714,7.22592,5.9081,10.85231,20.60661,0.372209,0.0265315
2019-05-18 21:30:00,7290.17,0.00296946,87.2502,142.5998,235.279,72.5931,7.22031,5.91374,10.86327,20.60661,0.372657,0.0265384
2019-05-18 21:31:00,7294.11,0.00296946,87.2509,142.599,235.656,72.6288,7.2173,5.92656,10.85626,20.60661,0.372688,0.0265405
2019-05-18 21:32:00,7296.97,0.00296535,87.2509,142.6309,235.799,72.6482,7.21885,5.92731,10.85245,20.65518,0.373071,0.0265907
2019-05-18 21:33:00,7288.75,0.00296305,87.2847,142.7355,235.811,72.6312,7.21844,5.92741,10.85361,20.61167,0.373216,0.0265605
2019-05-18 21:34:00,7290.0,0.00296416,87.3443,142.8363,235.788,72.5985,7.21666,5.92492,10.85255,20.66027,0.373322,0.0265766
2019-05-18 21:35:00,7290.0,0.00296569,87.3443,142.8564,235.904,72.6011,7.22968,5.92732,10.8488,20.64088,0.373574,0.0265484
2019-05-18 21:36:00,7306.46,0.002966,87.4,142.9346,236.365,72.7861,7.23072,5.93467,10.85561,20.68667,0.373931,0.0265913
2019-05-18 21:37:00,7309.51,0.00296485,87.4923,142.892,236.909,72.8176,7.24766,5.93506,10.8648,20.68413,0.374096,0.0266149
2019-05-18 21:38:00,7303.56,0.00296102,87.4656,142.9061,237.121,72.7861,7.24069,5.9248,10.86234,20.6872,0.374039,0.0266185
2019-05-18 21:39:00,7304.88,0.00296292,87.3622,143.1662,237.5,72.8682,7.24474,5.92857,10.87128,20.6814,0.374395,0.0266056
2019-05-18 21:40:00,7311.49,0.00296133,87.4219,143.4659,237.494,72.889,7.25107,5.9324,10.86097,20.68444,0.374462,0.0266172
2019-05-18 21:41:00,7315.22,0.00296189,87.4219,143.605,238.009,73.0429,7.25107,5.93079,10.86852,20.69081,0.374984,0.0266347
2019-05-18 21:42:00,7308.62,0.002954,87.4538,143.6005,237.696,73.026,7.25088,5.92969,10.8676,20.67027,0.373571,0.0266293
2019-05-18 21:43:00,7301.58,0.00296126,87.4077,143.619,237.536,73.026,7.24872,5.93149,10.85344,20.67256,0.374183,0.0266381
2019-05-18 21:44:00,7308.4,0.002946,87.4095,143.5971,238.034,73.1177,7.24872,5.93271,10.85344,20.69267,0.374528,0.026622
2019-05-18 21:45:00,7304.66,0.00294731,87.3407,143.6094,237.818,73.1222,7.24443,5.93006,10.84848,20.64534,0.374656,0.0266325
2019-05-18 21:46:00,7310.32,0.00294535,87.379,143.5903,237.914,73.2295,7.24681,5.93601,10.86031,20.67035,0.374822,0.026624
2019-05-18 21:47:00,7310.54,0.00294105,87.4724,143.7185,238.194,73.2018,7.24106,5.93463,10.86273,20.68247,0.375173,0.0266395
2019-05-18 21:48:00,7319.78,0.00294738,87.6506,143.8326,238.45,73.321,7.24503,5.93463,10.85188,20.69199,0.375707,0.0266363
2019-05-18 21:49:00,7319.4,0.00294955,87.6875,143.7761,238.552,73.3344,7.25685,5.93792,10.85737,20.66827,0.3757,0.0266303
2019-05-18 21:50:00,7318.74,0.00295157,87.7346,143.7917,238.522,73.3601,7.25428,5.93983,10.86341,20.6897,0.375608,0.02665
2019-05-18 21:51:00,7320.72,0.00295189,87.8103,143.7892,238.635,73.3606,7.27119,5.94516,10.86891,20.6897,0.37567,0.0266683
2019-05-18 21:52:00,7319.62,0.00295081,87.8232,143.8069,238.675,73.4038,7.26859,5.94806,10.86891,20.69011,0.375906,0.0266757
2019-05-18 21:53:00,7327.14,0.00295344,87.8993,143.9263,238.847,73.4363,7.26859,5.94952,10.8817,20.7217,0.375915,0.0266701
2019-05-18 21:54:00,7336.12,0.00295461,88.0176,143.8688,238.911,73.4604,7.27087,5.94866,10.88022,20.77401,0.376013,0.0267197
2019-05-18 21:55:00,7328.2,0.00295543,87.7961,143.8909,238.633,73.4578,7.27908,5.94052,10.86972,20.76178,0.37579,0.0267156
2019-05-18 21:56:00,7337.88,0.00295329,87.9107,143.8502,238.965,73.4685,7.27795,5.94348,10.87273,20.78296,0.375827,0.0266904
2019-05-18 21:57:00,7333.48,0.00295359,87.9291,143.8856,238.847,73.3678,7.27515,5.94339,10.87701,20.77271,0.376158,0.0266815
2019-05-18 21:58:00,7329.14,0.002944,87.9053,143.9211,238.797,73.3374,7.26743,5.94124,10.86705,20.73505,0.376158,0.0266826
2019-05-18 21:59:00,7326.66,0.00294691,87.8927,143.9091,238.699,73.2885,7.26379,5.93967,10.86648,20.71787,0.376,0.0266853
2019-05-18 22:00:00,7320.87,0.00294745,87.7954,143.9753,238.745,73.2675,7.2695,5.9392,10.86886,20.71427,0.375777,0.0266719
2019-05-18 22:01:00,7311.7,0.00294649,87.7954,143.8606,238.475,73.1172,7.26646,5.93465,10.86886,20.7267,0.375427,0.0266659
2019-05-18 22:02:00,7320.72,0.00295079,87.7927,144.1067,238.164,73.0992,7.26178,5.93407,10.86719,20.70058,0.375437,0.0266785
2019-05-18 22:03:00,7322.06,0.00295152,87.7529,143.8633,238.032,73.1271,7.26033,5.93608,10.86047,20.71286,0.375504,0.0266767
2019-05-18 22:04:00,7314.11,0.00294423,87.7472,143.9502,237.419,73.2682,7.26802,5.93852,10.86191,20.71046,0.3753,0.0266712
2019-05-18 22:05:00,7327.98,0.00294545,87.7807,143.9459,237.973,73.2682,7.26333,5.93723,10.86787,20.7914,0.375816,0.0266764
2019-05-18 22:06:00,7329.73,0.00295072,87.7899,143.8835,238.006,73.2893,7.26333,5.93723,10.86307,20.75675,0.3761,0.0266632
2019-05-18 22:07:00,7333.89,0.002944,87.7883,143.8946,238.485,73.305,7.25402,5.93813,10.88347,20.79182,0.376267,0.0266772
2019-05-18 22:08:00,7337.0,0.00295076,87.7932,143.8946,238.644,73.355,7.25402,5.94271,10.87805,20.78487,0.376334,0.0267
2019-05-18 22:09:00,7338.68,0.00295775,87.694,143.8946,238.592,73.2801,7.26279,5.94143,10.87286,20.8095,0.376287,0.0267316
2019-05-18 22:10:00,7337.97,0.00295865,87.694,144.11,238.626,73.2337,7.26724,5.94065,10.87977,20.76027,0.376304,0.0266993
2019-05-18 22:11:00,7355.0,0.00295968,87.788,144.11,238.692,73.2337,7.26497,5.94636,10.88995,20.76027,0.376635,0.0267178
2019-05-18 22:12:00,7332.83,0.00295543,87.6274,144.11,238.109,73.0788,7.25814,5.92431,10.86793,20.76027,0.376635,0.0267257
2019-05-18 22:13:00,7306.2,0.00295349,87.4427,144.11,237.739,73.0,7.23386,5.92759,10.85489,20.7289,0.376635,0.0266453
2019-05-18 22:14:00,7320.28,0.00295321,87.4515,144.11,238.087,73.1559,7.23913,5.93135,10.84633,20.7289,0.376635,0.0266434
2019-05-18 22:15:00,7320.06,0.00295143,87.419,144.0,238.148,73.1955,7.23387,5.9289,10.86626,20.76179,0.37571,0.0266558
2019-05-18 22:16:00,7320.0,0.00295711,87.4322,144.3695,238.051,73.1797,7.24777,5.93201,10.86171,20.76728,0.37571,0.0266695
2019-05-18 22:17:00,7320.0,0.00295877,87.4095,144.3695,237.852,73.0865,7.2399,5.92511,10.86905,20.71041,0.375192,0.0266726
2019-05-18 22:18:00,7311.48,0.00295523,87.447,144.0815,237.935,73.0996,7.23478,5.92532,10.86939,20.731,0.375193,0.0266615
2019-05-18 22:19:00,7313.68,0.00295163,87.3649,143.6769,237.804,73.172,7.23353,5.92589,10.86349,20.71642,0.374669,0.0267126
2019-05-18 22:20:00,7287.33,0.00294501,87.1915,143.3527,237.052,73.0501,7.24467,5.91662,10.82825,20.64227,0.374275,0.0266338
2019-05-18 22:21:00,7290.61,0.00295105,87.1754,143.3228,236.61,72.9511,7.23966,5.91565,10.84131,20.67156,0.37417,0.0266463
2019-05-18 22:22:00,7290.83,0.00295105,87.1972,143.5098,236.208,72.9845,7.23674,5.91483,10.82971,20.65127,0.374268,0.0266444
2019-05-18 22:23:00,7279.47,0.00295105,87.0423,143.2936,235.739,72.8671,7.23046,5.91372,10.82519,20.6359,0.374166,0.0266337
2019-05-18 22:24:00,7291.7,0.00295105,87.323,143.2551,236.205,72.8717,7.24009,5.92052,10.81915,20.6675,0.374507,0.0266393
2019-05-18 22:25:00,7295.42,0.00295105,87.4043,143.4934,236.152,72.8907,7.23521,5.91939,10.83681,20.64939,0.374437,0.0266572
2019-05-18 22:26:00,7302.9,0.00295105,87.4666,143.6127,236.554,72.8535,7.22566,5.91992,10.85334,20.64939,0.375188,0.02665
2019-05-18 22:27:00,7302.69,0.00295882,87.5146,143.5506,237.053,72.8907,7.24267,5.91782,10.85402,20.62616,0.375401,0.0266789
2019-05-18 22:28:00,7301.4,0.00295544,87.4536,143.5891,237.041,72.8948,7.22812,5.91718,10.85088,20.62616,0.374874,0.026661
2019-05-18 22:29:00,7298.1,0.00295794,87.3418,143.508,236.641,72.9399,7.24539,5.91334,10.8535,20.65468,0.374619,0.0266518
2019-05-18 22:30:00,7300.25,0.0029567,87.3256,143.7111,236.909,72.9452,7.2376,5.91389,10.85771,20.6733,0.375025,0.0266685
2019-05-18 22:31:00,7301.4,0.0029567,87.4338,143.4644,236.854,72.9469,7.23001,5.91496,10.84868,20.63599,0.374784,0.026643
2019-05-18 22:32:00,7299.63,0.00295962,87.3924,143.7731,236.543,72.938,7.24237,5.91457,10.84765,20.69635,0.374833,0.0266692
2019-05-18 22:33:00,7283.27,0.00296158,87.2886,143.7731,236.275,72.938,7.22829,5.90853,10.82654,20.61882,0.374533,0.0266424
2019-05-18 22:34:00,7297.96,0.00295887,87.4314,143.7403,236.682,72.9391,7.23839,5.90853,10.82919,20.6176,0.374442,0.0266595
2019-05-18 22:35:00,7298.01,0.00295974,87.4236,143.7403,236.847,72.9465,7.22799,5.9072,10.84654,20.6176,0.375325,0.0266432
2019-05-18 22:36:00,7313.66,0.00295974,87.492,143.6981,237.627,73.0083,7.23437,5.92019,10.85525,20.68813,0.375962,0.0266758
2019-05-18 22:37:00,7304.89,0.00296494,87.6597,143.8854,237.159,73.0652,7.23457,5.92496,10.85114,20.70693,0.375316,0.0266407
2019-05-18 22:38:00,7312.56,0.00296098,87.665,143.7397,237.645,73.0695,7.24578,5.92249,10.84631,20.67738,0.375324,0.0266859
2019-05-18 22:39:00,7311.46,0.00296494,87.7143,143.7763,237.267,73.0547,7.24186,5.92219,10.85662,20.64661,0.375209,0.0266704
2019-05-18 22:40:00,7304.45,0.00295915,87.6826,143.7871,237.448,73.0547,7.24294,5.92051,10.85044,20.68376,0.375239,0.0266558
2019-05-18 22:41:00,7302.69,0.00296285,87.6747,143.686,237.412,73.0547,7.24214,5.92262,10.85382,20.62537,0.374781,0.0266406
2019-05-18 22:42:00,7309.93,0.00296086,87.608,143.7212,237.533,72.9893,7.23977,5.92152,10.84962,20.63608,0.374847,0.0266366
2019-05-18 22:43:00,7308.39,0.00296101,87.6188,143.769,237.387,73.0227,7.24556,5.92215,10.85295,20.69941,0.375059,0.0266265
2019-05-18 22:44:00,7312.82,0.00295867,87.6732,143.8047,237.63,73.0227,7.23464,5.92401,10.84747,20.66127,0.375659,0.0266355
2019-05-18 22:45:00,7307.81,0.0029629,87.6317,143.7913,237.504,73.0227,7.23464,5.92167,10.84747,20.65325,0.375575,0.0266595
2019-05-18 22:46:00,7306.11,0.00295804,87.5552,143.6843,237.128,73.0282,7.23439,5.91624,10.84747,20.62952,0.375439,0.026634
2019-05-18 22:47:00,7304.23,0.00296457,87.5856,143.547,236.716,73.0231,7.23794,5.92415,10.84747,20.62846,0.375067,0.0266521
2019-05-18 22:48:00,7297.64,0.00295711,87.5294,143.5138,236.329,73.0159,7.23303,5.91652,10.83852,20.65535,0.375067,0.0266328
2019-05-18 22:49:00,7293.06,0.00294802,87.4242,143.4708,236.217,72.9333,7.23633,5.91123,10.82554,20.67465,0.374786,0.0266116
2019-05-18 22:50:00,7290.66,0.00295579,87.4253,143.3719,236.239,72.955,7.23633,5.9125,10.8269,20.63007,0.374637,0.026603
2019-05-18 22:51:00,7291.75,0.00296083,87.3757,143.3539,236.401,72.8782,7.23633,5.91184,10.83594,20.64713,0.374391,0.0266072
2019-05-18 22:52:00,7291.53,0.00296179,87.3681,143.3825,236.495,72.8421,7.23633,5.91189,10.82527,20.6689,0.374673,0.0266061
2019-05-18 22:53:00,7282.13,0.00296009,87.3607,143.2283,236.194,72.8212,7.23633,5.90853,10.82631,20.64162,0.374444,0.0265953
2019-05-18 22:54:00,7278.52,0.00296009,87.2935,143.3796,236.213,72.7867,7.23633,5.90853,10.82042,20.66333,0.374346,0.0265948
2019-05-18 22:55:00,7284.55,0.00296009,87.3517,143.3576,236.432,72.8081,7.23633,5.90997,10.82374,20.63943,0.374302,0.0266059
2019-05-18 22:56:00,7284.75,0.00296009,87.3238,143.3576,236.332,72.8081,7.23633,5.90997,10.82191,20.64391,0.374302,0.026596
2019-05-18 22:57:00,7281.69,0.00296799,87.2402,143.3576,236.341,72.7917,7.23633,5.90527,10.82237,20.64491,0.374302,0.0266107
2019-05-18 22:58:00,7282.68,0.00296799,87.2702,143.2143,236.312,72.7935,7.23633,5.90544,10.81326,20.67588,0.373377,0.026608
2019-05-18 22:59:00,7290.01,0.00296799,87.2589,143.2143,236.313,72.8152,7.23633,5.91284,10.82169,20.66635,0.374055,0.0266063
2019-05-18 23:00:00,7290.08,0.00296799,87.1867,142.9221,236.314,72.7412,7.23633,5.91218,10.81742,20.61862,0.373725,0.0266082
2019-05-18 23:01:00,7279.28,0.00296799,87.108,142.4524,235.979,72.671,7.23633,5.906,10.78,20.61639,0.37365,0.0266068
2019-05-18 23:02:00,7269.85,0.00296799,87.108,142.3126,235.811,72.6303,7.23633,5.90233,10.76651,20.62576,0.373203,0.0265947
2019-05-18 23:03:00,7273.45,0.00296799,87.0983,142.3362,236.006,72.5818,7.23633,5.89684,10.77213,20.6336,0.373264,0.0266011
2019-05-18 23:04:00,7274.43,0.00296799,87.093,142.15,235.82,72.5818,7.23633,5.89631,10.76915,20.62024,0.373179,0.0265725
2019-05-18 23:05:00,7264.35,0.00296799,87.088,141.9645,235.474,72.4184,7.23633,5.89176,10.76014,20.61575,0.372593,0.0265804
2019-05-18 23:06:00,7269.19,0.00294234,87.1299,141.8178,235.804,72.525,7.23633,5.89176,10.80408,20.61313,0.373048,0.0265995
2019-05-18 23:07:00,7264.32,0.00294234,87.1147,141.807,235.729,72.5146,7.24868,5.90275,10.79555,20.61314,0.372898,0.0265896
2019-05-18 23:08:00,7257.29,0.0029396,86.9935,142.0204,235.767,72.511,7.24096,5.89504,10.78365,20.61326,0.372365,0.0265883
2019-05-18 23:09:00,7259.72,0.00293957,86.9572,141.912,235.729,72.5162,7.24579,5.89437,10.78728,20.61882,0.371825,0.0265625
2019-05-18 23:10:00,7259.5,0.00294202,86.9203,141.7749,235.701,72.4615,7.23479,5.88849,10.76845,20.6134,0.371681,0.0265732
2019-05-18 23:11:00,7255.5,0.00294202,86.9003,141.766,235.613,72.4615,7.24156,5.88702,10.77219,20.61095,0.371843,0.0265612
2019-05-18 23:12:00,7270.5,0.00294202,86.9266,141.7291,236.106,72.4409,7.23831,5.89391,10.77922,20.61151,0.372424,0.0265698
2019-05-18 23:13:00,7261.92,0.00294202,86.933,141.5201,235.872,72.4428,7.23943,5.90276,10.77789,20.61151,0.372424,0.0265901
2019-05-18 23:14:00,7269.14,0.00294202,86.9155,141.7317,236.173,72.3961,7.24818,5.90151,10.78901,20.61151,0.372159,0.0265819
2019-05-18 23:15:00,7259.29,0.00294202,86.9737,141.599,235.586,72.3013,7.24022,5.89735,10.7684,20.61151,0.370706,0.0265763
2019-05-18 23:16:00,7256.67,0.00294202,86.8897,141.2604,235.466,72.2561,7.24132,5.89592,10.77206,20.61074,0.370327,0.0265612
2019-05-18 23:17:00,7261.05,0.00294202,86.8457,141.161,235.334,72.2849,7.2404,5.89522,10.77926,20.60389,0.370391,0.0265313
2019-05-18 23:18:00,7251.15,0.00294202,86.6303,140.7685,234.951,72.1994,7.21338,5.88486,10.75,20.60389,0.370207,0.0265108
2019-05-18 23:19:00,7254.67,0.00294202,86.6355,140.9729,234.733,72.2239,7.22172,5.88685,10.7493,20.60389,0.370353,0.0265111
2019-05-18 23:20:00,7250.71,0.002936,86.6563,141.0412,234.513,72.1811,7.21936,5.8846,10.74266,20.60389,0.370287,0.0264945
2019-05-18 23:21:00,7246.75,0.00293446,86.5816,140.6376,234.469,72.2043,7.2103,5.88109,10.74651,20.57917,0.37047,0.0264855
2019-05-18 23:22:00,7238.61,0.00293425,86.5355,140.6433,234.051,72.1077,7.18649,5.87022,10.73253,20.57917,0.37047,0.026482
2019-05-18 23:23:00,7244.25,0.00293478,86.5415,140.393,233.979,72.1567,7.17151,5.86833,10.72,20.57917,0.370104,0.026486
2019-05-18 23:24:00,7240.59,0.00293478,86.5704,140.3958,233.466,72.0873,7.17477,5.8704,10.66461,20.57917,0.370196,0.0264547
2019-05-18 23:25:00,7255.34,0.00293057,86.5998,140.5061,233.949,72.2334,7.18813,5.87686,10.67289,20.57917,0.370306,0.0264563
2019-05-18 23:26:00,7245.21,0.00293057,86.614,140.4959,233.841,72.1828,7.19156,5.88052,10.65808,20.57917,0.370679,0.0264418
2019-05-18 23:27:00,7244.91,0.00293057,86.6326,140.5954,233.814,72.1751,7.19575,5.87873,10.59224,20.57917,0.370672,0.0264471
2019-05-18 23:28:00,7246.74,0.00293057,86.56,140.6704,233.862,72.2143,7.19619,5.87866,10.62199,20.57917,0.370866,0.0264482
2019-05-18 23:29:00,7260.4,0.00293057,86.5876,140.7546,234.371,72.2545,7.17742,5.89096,10.65,20.57917,0.371163,0.0264601
2019-05-18 23:30:00,7266.51,0.00293057,86.6909,141.0469,234.609,72.3152,7.17539,5.89447,10.71981,20.57917,0.37159,0.0264652
2019-05-18 23:31:00,7262.11,0.00293057,86.7735,141.2794,234.452,72.273,7.17539,5.89525,10.72,20.57917,0.37183,0.0264989
2019-05-18 23:32:00,7264.35,0.00293057,86.768,141.2355,234.739,72.2642,7.17943,5.89637,10.73779,20.57917,0.371859,0.0264755
2019-05-18 23:33:00,7258.05,0.00293057,86.8717,141.4778,234.527,72.2248,7.17885,5.89967,10.74966,20.59335,0.371797,0.0264931
2019-05-18 23:34:00,7301.38,0.00293057,86.9451,142.1393,235.512,72.5399,7.21595,5.91104,10.81876,20.59335,0.372971,0.0266272
2019-05-18 23:35:00,7313.0,0.00293057,86.9335,142.1678,235.667,72.7358,7.21848,5.91197,10.76332,20.59335,0.373522,0.0266369
2019-05-18 23:36:00,7317.44,0.00293057,87.1198,142.183,236.224,72.7925,7.21723,5.92335,10.83178,20.59335,0.373322,0.0266894
2019-05-18 23:37:00,7308.31,0.00293057,87.0906,142.3188,235.697,72.6985,7.21041,5.91421,10.79626,20.59335,0.372903,0.0266462
2019-05-18 23:38:00,7304.89,0.00293057,87.1094,142.1279,235.567,72.6153,7.21041,5.91571,10.79687,20.59335,0.373001,0.0265807
2019-05-18 23:39:00,7300.29,0.00293057,87.0653,142.2355,235.343,72.5805,7.21467,5.91223,10.72005,20.59335,0.373322,0.0265791
2019-05-18 23:40:00,7305.28,0.00293057,87.0723,142.1098,235.609,72.6274,7.22053,5.91558,10.7406,20.59335,0.373471,0.026568
2019-05-18 23:41:00,7306.47,0.002939,86.9755,142.0621,235.713,72.4922,7.21806,5.90978,10.81575,20.59335,0.372598,0.0265943
2019-05-18 23:42:00,7280.58,0.002939,86.9755,141.3619,235.279,72.2362,7.19133,5.90978,10.78464,20.59335,0.372598,0.0265037
2019-05-18 23:43:00,7280.5,0.002939,86.9793,141.1553,235.153,72.1157,7.19007,5.90698,10.71565,20.59335,0.372237,0.0265054
2019-05-18 23:44:00,7259.73,0.002939,86.9485,141.0888,234.637,72.0519,7.1717,5.90689,10.70213,20.59335,0.371537,0.026486
2019-05-18 23:45:00,7258.41,0.00293278,86.8498,140.7682,234.032,71.8896,7.18801,5.90473,10.68788,20.67607,0.371473,0.026455
2019-05-18 23:46:00,7263.03,0.00293127,86.911,140.5821,234.089,71.9857,7.19117,5.9037,10.74,20.66539,0.371514,0.0264472
2019-05-18 23:47:00,7266.55,0.0029345,86.9056,140.5835,234.497,71.9314,7.19597,5.9037,10.75928,20.66539,0.371626,0.0264998
2019-05-18 23:48:00,7274.89,0.00293489,86.9476,140.8821,234.616,71.9659,7.19593,5.90744,10.73784,20.69336,0.371761,0.0264969
2019-05-18 23:49:00,7267.65,0.00293694,86.8756,141.1215,234.387,72.011,7.19062,5.90744,10.7157,20.7209,0.371893,0.0265085
2019-05-18 23:50:00,7268.17,0.00293353,86.873,140.8189,234.441,72.0145,7.18739,5.90592,10.70557,20.70856,0.3718,0.0264849
2019-05-18 23:51:00,7262.37,0.00293358,86.8628,140.7353,234.368,71.9762,7.18942,5.90592,10.70121,20.71054,0.372016,0.0264902
2019-05-18 23:52:00,7266.76,0.00292862,86.7908,140.6739,234.43,71.9662,7.18765,5.90468,10.68793,20.72717,0.372016,0.0264849
2019-05-18 23:53:00,7272.03,0.00293596,86.7908,140.6777,234.509,72.0986,7.18765,5.90606,10.70252,20.73169,0.372043,0.0264828
2019-05-18 23:54:00,7272.47,0.00292919,86.8659,140.6777,234.324,72.0986,7.19099,5.90452,10.7058,20.73339,0.371969,0.0264848
2019-05-18 23:55:00,7269.0,0.00293064,86.7772,140.7138,234.335,72.0446,7.16393,5.90374,10.71112,20.72436,0.371686,0.0264877
2019-05-18 23:56:00,7269.8,0.00293212,86.7699,140.7832,234.384,72.0446,7.17848,5.90554,10.72913,20.73614,0.371735,0.0264984
2019-05-18 23:57:00,7270.0,0.00292457,86.8567,140.7353,234.358,71.9635,7.17878,5.90434,10.73253,20.7366,0.371935,0.0264899
2019-05-18 23:58:00,7264.79,0.00292995,86.783,140.8255,234.075,71.9849,7.16848,5.89164,10.73253,20.72336,0.371612,0.0264894
2019-05-18 23:59:00,7262.15,0.002925,86.5776,140.692,233.777,71.8491,7.15788,5.88885,10.71738,20.72401,0.37162,0.0264626
2019-05-19 00:00:00,7258.4,0.00292157,86.4565,140.692,233.686,71.7461,7.15144,5.88356,10.73224,20.7,0.37162,0.0264693
2019-05-19 00:01:00,7251.59,0.00292489,86.521,140.47,232.749,71.9632,7.14747,5.87931,10.68929,20.72305,0.37112,0.0264454
2019-05-19 00:02:00,7270.07,0.00292449,86.6345,140.8386,233.316,71.9417,7.14747,5.88621,10.70513,20.73144,0.371574,0.02644
2019-05-19 00:03:00,7274.89,0.00292941,86.6219,140.816,233.344,71.9916,7.17722,5.8885,10.70318,20.74507,0.371689,0.0264563
2019-05-19 00:04:00,7273.57,0.00293182,86.7372,140.8028,233.367,72.0048,7.16815,5.88412,10.70674,20.64591,0.372329,0.0264731
2019-05-19 00:05:00,7279.5,0.00293409,86.7647,140.8504,233.354,72.2599,7.17494,5.88433,10.71627,20.72523,0.372145,0.0264633
2019-05-19 00:06:00,7276.33,0.00293087,86.6927,140.8671,233.569,72.2742,7.17113,5.87854,10.72252,20.67172,0.372205,0.0264784
2019-05-19 00:07:00,7274.13,0.00292714,86.586,140.7949,233.921,72.2376,7.17758,5.87607,10.72252,20.63386,0.372043,0.0264681
2019-05-19 00:08:00,7280.32,0.00292811,86.5461,140.8309,234.316,72.2487,7.18549,5.87945,10.71705,20.69512,0.372237,0.0264792
2019-05-19 00:09:00,7284.53,0.00292796,86.49,140.9328,234.3,72.3086,7.19036,5.88311,10.7272,20.70806,0.372421,0.0264831
2019-05-19 00:10:00,7293.19,0.00293504,86.43,140.8704,234.76,72.3086,7.19656,5.89443,10.74,20.67778,0.372505,0.0265525
2019-05-19 00:11:00,7290.06,0.00293554,86.2476,140.8704,234.661,72.3224,7.19947,5.88879,10.74349,20.6835,0.372413,0.0265273
2019-05-19 00:12:00,7290.66,0.0029335,86.2175,140.8704,234.506,72.2934,7.19497,5.88923,10.73526,20.71796,0.372213,0.026566
2019-05-19 00:13:00,7287.38,0.0029358,86.3037,140.8704,234.776,72.3178,7.19873,5.88566,10.74178,20.62956,0.372016,0.0265634
2019-05-19 00:14:00,7285.15,0.00293384,86.2956,140.9024,234.701,72.3142,7.19752,5.886,10.7438,20.72417,0.371918,0.0265659
2019-05-19 00:15:00,7285.93,0.00293564,86.2884,140.9024,234.35,72.2948,7.1927,5.88503,10.75007,20.64484,0.371812,0.0265611
2019-05-19 00:16:00,7285.38,0.00293028,86.2567,141.104,234.317,72.2948,7.18908,5.88537,10.72664,20.64129,0.371778,0.0265314
2019-05-19 00:17:00,7288.69,0.00293811,86.4822,141.1831,234.383,72.3004,7.19274,5.89056,10.74754,20.7338,0.371594,0.0265392
2019-05-19 00:18:00,7288.61,0.00293733,86.5505,141.1914,234.38,72.2979,7.19045,5.88631,10.74774,20.70042,0.371813,0.0265552
2019-05-19 00:19:00,7284.1,0.00293205,86.6021,140.9993,233.799,72.2609,7.19045,5.88631,10.72553,20.73224,0.371224,0.026522
2019-05-19 00:20:00,7279.72,0.00293205,86.6849,141.1761,233.363,72.2651,7.17946,5.88987,10.74067,20.67652,0.37042,0.0264913
2019-05-19 00:21:00,7280.82,0.00293441,86.5689,141.1321,233.591,72.2644,7.17946,5.89035,10.73926,20.63745,0.370272,0.0265238
2019-05-19 00:22:00,7283.65,0.00293376,86.6242,141.1655,233.539,72.2641,7.18294,5.89158,10.73435,20.68238,0.370835,0.0265149
2019-05-19 00:23:00,7278.03,0.00293121,86.5844,141.14,233.538,72.2197,7.18397,5.88994,10.73436,20.68713,0.370622,0.0265214
2019-05-19 00:24:00,7283.09,0.00293114,86.5575,141.1509,233.858,72.2175,7.18397,5.88827,10.72625,20.68592,0.370622,0.0265007
2019-05-19 00:25:00,7282.34,0.00293538,86.5917,141.3112,233.807,72.1414,7.18067,5.88954,10.73138,20.67253,0.370712,0.0264915
2019-05-19 00:26:00,7282.16,0.00293244,86.52,141.3962,233.973,72.1414,7.18009,5.88481,10.73138,20.63984,0.370343,0.0265005
2019-05-19 00:27:00,7283.82,0.00293634,86.5239,141.39,234.123,72.1414,7.18116,5.88697,10.70913,20.7072,0.370268,0.0264734
2019-05-19 00:28:00,7288.83,0.00293634,86.5917,141.5323,234.562,72.1414,7.17942,5.88911,10.71124,20.70131,0.370234,0.0264695
2019-05-19 00:29:00,7288.91,0.00293634,86.5993,141.5323,234.821,72.1414,7.1811,5.891,10.7211,20.70131,0.370234,0.026493
2019-05-19 00:30:00,7296.28,0.00293634,86.7144,141.6676,234.946,72.1414,7.1892,5.89453,10.72348,20.70131,0.370456,0.0264726
2019-05-19 00:31:00,7296.33,0.00293634,86.7155,141.5405,235.11,72.1414,7.20357,5.89456,10.73234,20.70131,0.370994,0.0265
2019-05-19 00:32:00,7298.39,0.00293634,86.802,141.6856,235.279,72.3314,7.20477,5.89716,10.73147,20.70131,0.371208,0.0265158
2019-05-19 00:33:00,7303.75,0.00293038,86.7932,141.6851,235.224,72.3314,7.20674,5.89765,10.73896,20.70131,0.371228,0.0265302
2019-05-19 00:34:00,7303.13,0.00293911,86.8269,141.6926,235.184,72.3753,7.20782,5.89739,10.73382,20.66175,0.3712,0.026553
2019-05-19 00:35:00,7298.74,0.00293911,86.8689,141.8245,235.171,72.3356,7.20981,5.89763,10.73382,20.66175,0.370982,0.0265622
2019-05-19 00:36:00,7310.8,0.00293911,86.9359,141.9481,235.297,72.4663,7.20721,5.89873,10.75114,20.66716,0.371302,0.0265672
2019-05-19 00:37:00,7302.26,0.00293911,86.9708,141.9029,234.766,72.3749,7.21096,5.89873,10.73869,20.69048,0.371423,0.0265564
2019-05-19 00:38:00,7297.0,0.00293911,86.775,141.9044,234.62,72.3453,7.21096,5.89369,10.73762,20.64754,0.371594,0.0265405
2019-05-19 00:39:00,7295.32,0.00294071,86.6283,141.8961,234.702,72.3315,7.21212,5.89419,10.7269,20.63996,0.371176,0.0265405
2019-05-19 00:40:00,7289.56,0.00293983,86.6386,141.8956,234.434,72.1594,7.21232,5.8884,10.7162,20.66828,0.371247,0.026493
2019-05-19 00:41:00,7287.32,0.00293964,86.7041,141.8956,234.558,72.1694,7.21232,5.89561,10.71202,20.65068,0.371377,0.0265133
2019-05-19 00:42:00,7284.97,0.00294018,86.6235,141.8863,234.598,72.1829,7.22247,5.89461,10.7,20.6805,0.371814,0.0264912
2019-05-19 00:43:00,7284.53,0.00293966,86.5962,142.067,234.513,72.2186,7.22128,5.89867,10.7,20.68145,0.371664,0.0264914
2019-05-19 00:44:00,7283.06,0.00293717,86.615,142.1379,234.473,72.1536,7.21471,5.89905,10.66488,20.68145,0.370569,0.026523
2019-05-19 00:45:00,7284.75,0.00293717,86.6037,142.1764,234.422,72.171,7.21509,5.89608,10.66647,20.66058,0.370441,0.0265143
2019-05-19 00:46:00,7287.32,0.00293717,86.6295,142.1364,234.479,72.2022,7.20573,5.9004,10.67347,20.67213,0.370724,0.0264855
2019-05-19 00:47:00,7289.75,0.00293717,86.6605,142.0071,234.619,72.1902,7.20573,5.89932,10.67495,20.71031,0.370472,0.0264919
2019-05-19 00:48:00,7291.53,0.00293717,86.6528,141.9149,234.999,72.1902,7.22096,5.90466,10.67771,20.71461,0.37046,0.0264819
2019-05-19 00:49:00,7295.95,0.00293717,86.6597,142.0524,235.087,72.3015,7.21742,5.90534,10.68783,20.65375,0.370585,0.0265101
2019-05-19 00:50:00,7297.36,0.00293717,86.6545,142.064,235.196,72.3056,7.22227,5.90534,10.68882,20.66663,0.37113,0.0265117
2019-05-19 00:51:00,7299.11,0.00293717,86.7298,142.0871,235.26,72.3094,7.21538,5.9062,10.68858,20.67267,0.37137,0.026535
2019-05-19 00:52:00,7299.59,0.0029415,86.6771,142.1291,235.204,72.2941,7.21436,5.90447,10.68688,20.71743,0.371337,0.0265278
2019-05-19 00:53:00,7294.85,0.002943,86.7215,142.0425,234.901,72.2924,7.22935,5.9037,10.68689,20.65865,0.371158,0.0265427
2019-05-19 00:54:00,7293.27,0.00294108,86.7251,142.1801,234.82,72.2751,7.22645,5.90292,10.68402,20.71593,0.371052,0.0265429
2019-05-19 00:55:00,7297.07,0.00294151,86.6638,142.1446,234.88,72.2889,7.21322,5.90364,10.69024,20.65648,0.371058,0.0265411
2019-05-19 00:56:00,7301.09,0.00294151,86.6958,142.1446,234.913,72.3099,7.22688,5.90378,10.69024,20.69705,0.371163,0.0265616
2019-05-19 00:57:00,7300.28,0.00294176,86.6761,142.0425,234.913,72.2905,7.22688,5.90246,10.69024,20.65527,0.371269,0.0265735
2019-05-19 00:58:00,7295.69,0.00294131,86.7072,141.9951,235.179,72.2905,7.22688,5.90381,10.68491,20.65527,0.372171,0.026555
2019-05-19 00:59:00,7296.04,0.00294181,86.7072,141.989,235.067,72.2905,7.22688,5.9039,10.68204,20.71029,0.372558,0.0265504
2019-05-19 01:00:00,7294.04,0.00294168,86.6593,141.9953,235.067,72.3008,7.22688,5.90632,10.69856,20.68054,0.372141,0.0265449
2019-05-19 01:01:00,7297.66,0.00294168,86.6593,141.9578,235.432,72.3008,7.22635,5.91036,10.73584,20.71906,0.372861,0.0265346
2019-05-19 01:02:00,7304.44,0.00294179,86.8727,142.1345,235.508,72.3008,7.22038,5.91565,10.76527,20.7028,0.373522,0.0266209
2019-05-19 01:03:00,7309.04,0.00294179,86.829,142.2229,235.676,72.3008,7.23327,5.91052,10.78903,20.7528,0.374207,0.026616
2019-05-19 01:04:00,7312.33,0.00294196,86.8012,142.2484,235.754,72.4334,7.23772,5.91388,10.79377,20.73756,0.37441,0.026617
2019-05-19 01:05:00,7309.27,0.00294172,86.8384,142.3403,235.952,72.428,7.23019,5.91608,10.80488,20.70953,0.374,0.0266305
2019-05-19 01:06:00,7304.65,0.00294196,86.8578,142.3117,235.502,72.4213,7.23382,5.91659,10.8033,20.70286,0.373671,0.0266337
2019-05-19 01:07:00,7314.09,0.002943,86.8831,142.4674,235.708,72.6113,7.23054,5.91787,10.80208,20.72698,0.373802,0.0266234
2019-05-19 01:08:00,7323.98,0.002943,87.0352,142.4645,236.137,72.6224,7.23503,5.92006,10.79972,20.74943,0.374326,0.0267221
2019-05-19 01:09:00,7353.89,0.002948,87.3264,142.7612,237.121,72.9286,7.25952,5.93172,10.82245,20.79929,0.374992,0.026893
2019-05-19 01:10:00,7365.56,0.002949,87.2595,143.0026,237.455,72.9756,7.26144,5.93432,10.831,20.79929,0.375051,0.0269115
2019-05-19 01:11:00,7371.72,0.002949,87.2423,143.0073,237.665,73.1239,7.26321,5.93504,10.83337,20.90081,0.3755,0.0269411
2019-05-19 01:12:00,7378.54,0.00295757,87.2374,143.0959,237.552,73.0996,7.2638,5.93468,10.8461,20.87203,0.375707,0.0269471
2019-05-19 01:13:00,7386.9,0.00296199,87.5834,143.3145,238.361,73.0646,7.27726,5.94501,10.85583,20.89281,0.376707,0.0270153
2019-05-19 01:14:00,7387.61,0.00296357,87.7979,143.4307,238.118,73.1205,7.2784,5.94413,10.86279,20.87232,0.377207,0.0270588
2019-05-19 01:15:00,7415.75,0.00296957,88.3994,143.8754,238.744,73.2693,7.29999,5.95781,10.86846,20.95,0.378262,0.0271638
2019-05-19 01:16:00,7433.86,0.00298019,88.5059,143.8017,239.465,73.3308,7.31846,5.98528,10.86846,20.95,0.378728,0.0272002
2019-05-19 01:17:00,7417.27,0.00297512,88.3789,143.2719,238.84,73.0959,7.33531,5.97753,10.85223,20.95,0.376911,0.0270646
2019-05-19 01:18:00,7439.37,0.00298157,88.2895,143.424,238.923,73.1954,7.33184,5.98093,10.86681,20.95,0.379207,0.0270706
2019-05-19 01:19:00,7481.52,0.00299057,88.8484,144.0594,240.154,73.4491,7.37055,5.99961,10.90427,21.08308,0.379891,0.0272602
2019-05-19 01:20:00,7480.86,0.00299939,88.7788,144.0217,239.91,73.3907,7.37496,5.99511,10.88781,21.1,0.379596,0.0271427
2019-05-19 01:21:00,7509.5,0.00300257,89.2499,144.4785,241.483,73.7573,7.3992,6.00486,10.90918,21.20498,0.381214,0.0273134
2019-05-19 01:22:00,7543.63,0.00302057,89.2982,144.6306,242.21,73.7651,7.42672,6.02097,10.90728,21.26261,0.383,0.0272949
2019-05-19 01:23:00,7533.11,0.00301362,89.0523,144.4187,241.205,73.4957,7.42699,6.02525,10.89041,21.21347,0.383135,0.0272401
2019-05-19 01:24:00,7523.46,0.00301859,88.8908,144.2162,241.062,73.6787,7.39934,6.01963,10.89461,21.19215,0.382746,0.0271029
2019-05-19 01:25:00,7495.87,0.003005,88.38,143.4223,239.88,72.9493,7.39739,6.00586,10.91142,21.08913,0.380719,0.0268763
2019-05-19 01:26:00,7508.35,0.00301318,88.6818,143.5561,240.803,73.0498,7.38994,6.00452,10.93694,21.08511,0.380631,0.0270204
2019-05-19 01:27:00,7506.03,0.00300524,88.5584,143.4643,240.681,73.3005,7.3895,6.00648,10.96029,21.14712,0.380959,0.0270336
2019-05-19 01:28:00,7525.98,0.00301142,88.6826,143.8325,241.545,73.3883,7.41081,6.01236,11.00402,21.1448,0.381643,0.0271239
2019-05-19 01:29:00,7528.97,0.0030137,88.8827,143.9422,241.603,73.3122,7.41192,6.03297,11.07807,21.1448,0.383243,0.0272088
2019-05-19 01:30:00,7544.54,0.00301218,89.0004,144.074,242.036,73.3497,7.42343,6.03481,11.07986,21.26734,0.383232,0.0272311
2019-05-19 01:31:00,7581.72,0.00302957,89.2051,144.6101,243.094,73.7541,7.45224,6.05996,11.09278,21.28125,0.384852,0.0273143
2019-05-19 01:32:00,7575.51,0.00303079,89.0593,144.7553,242.543,73.701,7.43037,6.05239,11.1266,21.24,0.384011,0.0271786
2019-05-19 01:33:00,7590.41,0.00303079,89.0583,144.7787,243.44,73.8896,7.44821,6.05841,11.13333,21.28742,0.384548,0.0272092
2019-05-19 01:34:00,7608.15,0.00303257,89.2164,145.0568,244.015,73.9324,7.45539,6.07541,11.14777,21.31663,0.385319,0.027264
2019-05-19 01:35:00,7576.44,0.00302958,89.27,144.7349,243.113,73.4758,7.42018,6.06753,11.12309,21.25777,0.384588,0.0271563
2019-05-19 01:36:00,7593.4,0.0030321,89.2189,145.01,243.629,73.8689,7.44518,6.07421,11.13227,21.30358,0.384807,0.0272383
2019-05-19 01:37:00,7606.5,0.00303988,89.2894,144.8411,244.195,73.7896,7.45866,6.08237,11.12782,21.30358,0.384136,0.0272659
2019-05-19 01:38:00,7568.09,0.00303238,89.103,144.7667,243.069,73.5905,7.43671,6.07415,11.10527,21.26137,0.383013,0.0272111
2019-05-19 01:39:00,7554.2,0.00302897,88.9216,144.0509,242.647,73.5005,7.41957,6.04781,11.0463,21.21162,0.382804,0.0271183
2019-05-19 01:40:00,7556.49,0.00301794,89.0107,144.412,242.858,73.3762,7.42795,6.05785,11.01442,21.22809,0.382912,0.0270744
2019-05-19 01:41:00,7550.29,0.00302024,88.9835,144.3885,242.842,73.4347,7.43088,6.05662,11.03624,21.20302,0.38296,0.027193
2019-05-19 01:42:00,7571.15,0.00302373,89.0611,144.3664,243.105,73.3703,7.44045,6.0584,11.03475,21.24702,0.383286,0.0271676
2019-05-19 01:43:00,7549.14,0.00302132,89.075,144.323,242.655,73.3854,7.4298,6.05305,11.05398,21.21654,0.383587,0.0271542
2019-05-19 01:44:00,7550.75,0.00302389,88.9437,144.2614,242.27,73.3194,7.4247,6.05084,11.0526,21.21654,0.383289,0.0271346
2019-05-19 01:45:00,7547.92,0.0030162,88.9041,144.2719,241.939,73.3194,7.42055,6.04348,11.02502,21.15681,0.382244,0.0271157
2019-05-19 01:46:00,7539.74,0.00301995,88.9041,144.1488,241.42,73.1146,7.42438,6.03128,11.02591,21.15607,0.381921,0.0271023
2019-05-19 01:47:00,7549.14,0.00301995,88.9001,144.1488,241.787,73.1146,7.42438,6.03378,11.0375,21.15607,0.381921,0.02714
2019-05-19 01:48:00,7571.38,0.00302497,89.0443,144.5399,242.68,73.2924,7.44591,6.04993,11.03858,21.24417,0.382719,0.0271814
2019-05-19 01:49:00,7578.28,0.00303224,89.1967,144.6342,242.77,73.2844,7.45162,6.05298,11.07871,21.25428,0.383409,0.0272048
2019-05-19 01:50:00,7569.18,0.0030311,89.1903,144.6342,242.588,73.2813,7.44992,6.05042,11.07062,21.27884,0.383775,0.0271972
2019-05-19 01:51:00,7601.67,0.00303651,89.3113,144.734,243.376,73.3958,7.44992,6.06056,11.09571,21.29816,0.3843,0.0272522
2019-05-19 01:52:00,7585.83,0.00302915,89.2951,144.4426,242.802,73.4188,7.45719,6.05781,11.07531,21.24971,0.383537,0.0272475
2019-05-19 01:53:00,7578.97,0.00302438,89.1724,144.1975,242.895,73.2875,7.45257,6.05864,11.03829,21.24971,0.38335,0.0272252
2019-05-19 01:54:00,7570.0,0.00303403,89.1887,144.2853,242.731,73.3589,7.45954,6.05464,11.04714,21.21697,0.382947,0.0272446
2019-05-19 01:55:00,7568.62,0.00303403,89.2148,144.1129,242.958,73.4305,7.44916,6.0453,11.04789,21.26565,0.38292,0.0271047
2019-05-19 01:56:00,7572.99,0.00303403,89.3315,144.2533,243.229,73.3874,7.45254,6.04639,11.06619,21.26565,0.383189,0.0271826
2019-05-19 01:57:00,7578.74,0.00304,89.2512,144.4121,243.238,73.3935,7.45771,6.05501,11.08385,21.25792,0.382865,0.0271811
2019-05-19 01:58:00,7578.97,0.00304,89.3315,144.2927,243.283,73.3403,7.44916,6.05501,11.08261,21.25336,0.382865,0.0271755
2019-05-19 01:59:00,7585.83,0.00303349,89.5088,144.6539,243.325,73.5035,7.46133,6.05795,11.11043,21.24681,0.383001,0.0272115
2019-05-19 02:00:00,7589.27,0.00302998,89.5046,144.6827,243.569,73.5566,7.49287,6.06424,11.1528,21.24681,0.383186,0.0272623
2019-05-19 02:01:00,7607.18,0.00303543,89.7781,144.6827,244.246,73.7128,7.49287,6.06616,11.1528,21.2863,0.384289,0.027271
2019-05-19 02:02:00,7613.73,0.0030352,89.8427,144.9494,244.256,73.8176,7.47777,6.06665,11.16398,21.3065,0.38553,0.0272688
2019-05-19 02:03:00,7601.49,0.00303573,89.8312,144.9494,243.924,73.7259,7.47769,6.0657,11.15769,21.27795,0.385653,0.0273293
2019-05-19 02:04:00,7604.23,0.00303,89.8353,144.9177,244.302,73.775,7.4757,6.06698,11.15203,21.27795,0.385492,0.0273008
2019-05-19 02:05:00,7615.87,0.00303829,89.8761,144.78,244.423,74.0,7.48353,6.07652,11.17185,21.29423,0.38536,0.0273393
2019-05-19 02:06:00,7685.91,0.00304415,90.2844,145.1919,245.779,74.2926,7.53032,6.10751,11.22379,21.35,0.387207,0.0274209
2019-05-19 02:07:00,7727.32,0.00305957,90.313,146.3306,247.358,74.603,7.55027,6.12081,11.27153,21.43,0.388222,0.0275194
2019-05-19 02:08:00,7731.1,0.00306124,90.356,146.4374,247.528,74.6771,7.55859,6.12901,11.27612,21.46122,0.389093,0.0275487
2019-05-19 02:09:00,7722.02,0.00306197,90.2142,146.3294,246.728,74.4557,7.52663,6.13338,11.23026,21.44684,0.387976,0.0272866
2019-05-19 02:10:00,7731.45,0.00306235,90.2601,146.5295,247.164,74.3394,7.52652,6.14513,11.21356,21.44684,0.388506,0.0273285
2019-05-19 02:11:00,7750.35,0.00306178,90.5653,146.7469,247.428,74.6304,7.54098,6.15315,11.26145,21.33041,0.389652,0.0275289
2019-05-19 02:12:00,7733.3,0.00306178,90.4166,146.4151,246.73,74.4075,7.52253,6.15158,11.23999,21.23406,0.388217,0.0275473
2019-05-19 02:13:00,7707.8,0.00306178,90.2076,146.4213,246.292,74.3453,7.54122,6.14598,11.21799,21.24287,0.387269,0.0274727
2019-05-19 02:14:00,7738.98,0.00306178,90.4111,146.433,246.883,74.329,7.55678,6.14948,11.23242,21.23991,0.387514,0.0275056
